target:
{'chord': {'start': tensor([[3.1115],
        [4.9938],
        [2.1685],
        [1.2397]]), 'sustain': tensor([[1.7593],
        [0.8379],
        [0.8307],
        [0.8039]]), 'root': tensor([ 3, 10,  7,  0]), 'chord': tensor([[0., 0., 1., 1., 0., 0., 0., 1., 0., 0., 1., 0.],
        [1., 0., 0., 0., 0., 1., 0., 0., 0., 1., 1., 0.],
        [1., 0., 1., 0., 0., 0., 0., 1., 0., 0., 0., 0.],
        [1., 0., 0., 0., 1., 0., 0., 1., 0., 0., 0., 0.]]), 'tonic': tensor([ 2,  9, 12,  0])}, 'chord_before': {'exist': tensor([0.])}, 'beat': {'beat': tensor([[0.2942],
        [0.7630],
        [1.2317],
        [1.7005],
        [2.1692],
        [2.6380],
        [3.1067],
        [3.5755],
        [4.0442],
        [4.5130],
        [4.9817]]), 'is_downbeat': tensor([[0.],
        [0.],
        [1.],
        [0.],
        [0.],
        [0.],
        [1.],
        [0.],
        [0.],
        [0.],
        [1.]])}, 'metronome': {'exist': tensor([1.]), 'bpm': tensor([128.]), 'offset': tensor([0.0525]), 'is_4beat': tensor([1.])}}
infer:
{'chord': {'start': tensor([[2.9107],
        [1.6178],
        [4.2580],
        [0.3414]]), 'sustain': tensor([[1.3007],
        [1.2895],
        [1.1288],
        [1.2823]]), 'exist': tensor([0.7330, 0.7471, 0.7259, 0.6467]), 'root': tensor([ 0,  2, 11,  1]), 'chord': tensor([[0., 0., 0., 0., 0., 0., 0., 0., 0., 0., 0., 0.],
        [0., 0., 0., 0., 0., 0., 0., 0., 0., 0., 0., 0.],
        [0., 0., 0., 0., 0., 0., 0., 0., 0., 0., 0., 0.],
        [0., 0., 0., 0., 0., 0., 0., 0., 0., 0., 0., 0.]]), 'tonic': tensor([8, 8, 0, 5])}, 'chord_before': {'sustain': tensor([[0.8386]]), 'exist': tensor(0.7495), 'root': tensor([1]), 'chord': tensor([[0., 0., 0., 0., 0., 0., 0., 0., 0., 0., 0., 0.]]), 'tonic': tensor([1])}, 'beat': {'beat': tensor([[0.2056],
        [4.5101],
        [1.1018],
        [2.3000],
        [1.5240],
        [4.8557],
        [0.4774],
        [0.7549],
        [3.1505],
        [3.5047],
        [4.0014],
        [2.8029],
        [4.2183],
        [1.9452]]), 'is_downbeat': tensor([[-1.1718],
        [-1.4846],
        [-1.0459],
        [-1.9108],
        [-0.9162],
        [-1.1097],
        [-0.3154],
        [-1.9894],
        [-0.8927],
        [-0.9837],
        [-1.4202],
        [-1.5088],
        [-1.1110],
        [-0.9715]]), 'exist': tensor([0.9553, 0.9918, 0.9923, 0.9855, 0.9304, 0.9247, 0.5482, 0.9944, 0.9797,
        0.9929, 0.9939, 0.9929, 0.5745, 0.9925])}, 'metronome': {'bpm': tensor([[146.7690]]), 'offset': tensor([[0.1267]]), 'is_4beat': tensor([[1.8799]]), 'exist': tensor(0.8151)}}
